0 -0.0000134486
0.02 0.0021750729
0.04 0.0043884024
0.06 0.0066747907
0.08 0.0089717652
0.1 0.0112397435
0.12 0.0134780583
0.14 0.0157204579
0.16 0.0181150766
0.18 0.0204467478
0.2 0.0227411863
0.22 0.0250039430
0.24 0.0272531396
0.26 0.0296591853
0.28 0.0321284596
0.3 0.0347720624
0.32 0.0373340732
0.34 0.0397708374
0.36 0.0422439663
0.38 0.0448499520
0.4 0.0475746096
0.42 0.0502891871
0.44 0.0529082701
0.46 0.0552557209
0.48 0.0574683606
0.5 0.0599713577
0.52 0.0625068685
0.54 0.0649510252
0.56 0.0672904157
0.58 0.0697249273
0.6 0.0721938612
0.62 0.0747830292
0.64 0.0784397172
0.66 0.0813785870
0.68 0.0842642582
0.7 0.0872931733
0.72 0.0904968478
0.74 0.0936023488
0.76 0.0962916004
0.78 0.0986309598
0.8 0.1012850030
0.82 0.1040262220
0.84 0.1067097230
0.86 0.1093220040
0.88 0.1119717444
0.9 0.1150034981
0.92 0.1186957290
0.94 0.1222742786
0.96 0.1256704721
0.98 0.1291574402
1 0.1327473503
1.02 0.1362205295
1.04 0.1392304556
1.06 0.1419886283
1.08 0.1450026737
1.1 0.1481061160
1.12 0.1511269041
1.14 0.1543662501
1.16 0.1580062860
1.18 0.1621942044
1.2 0.1662530625
1.22 0.1702607079
1.24 0.1742974604
1.26 0.1781377274
1.28 0.1817514892
1.3 0.1852413593
1.32 0.1889466206
1.34 0.1927289581
1.36 0.1966436769
1.38 0.2009176564
1.4 0.2056874357
1.42 0.2103710009
1.44 0.2149693613
1.46 0.2194736626
1.48 0.2239230110
1.5 0.2285191092
1.52 0.2333337633
1.54 0.2382064966
1.56 0.2432043503
1.58 0.2486913184
1.6 0.2541617485
1.62 0.2595305319
1.64 0.2649874276
1.66 0.2713930248
1.68 0.2778143134
1.7 0.2840556412
1.72 0.2904253661
1.74 0.2969540577
1.76 0.3036910244
1.78 0.3119267884
1.8 0.3209374166
1.82 0.3289914789
1.84 0.3370336866
1.86 0.3460981626
1.88 0.3582639481
1.9 0.3703104889
1.92 0.3813123593
1.94 0.3989216202
1.96 0.4165950500
1.98 0.4416565736
2 0.4996293386
2.02 0.4999901111
2.04 0.4999993522
2.06 0.4999754500
2.08 0.4999982849
2.1 0.4999988045
2.12 0.4999999879
2.14 0.4999999995
2.16 0.4999999972
2.18 0.4999999996
2.2 0.4999999986
2.22 0.4999999989
2.24 0.4999999994
2.26 0.5000000000
2.28 0.5000000000
2.3 0.5000000000
2.32 0.5000000000
2.34 0.5000000000
2.36 0.5000000000
2.38 0.5000000000
2.4 0.5000000000
2.42 0.5000000000
2.44 0.5000000000
2.46 0.5000000000
2.48 0.5000000000
2.5 0.5000000000
