0 0.0000000918
0.02 0.0021573089
0.04 0.0044568384
0.06 0.0064239139
0.08 0.0088736484
0.1 0.0111742419
0.12 0.0134135952
0.14 0.0158473638
0.16 0.0184078432
0.18 0.0205156083
0.2 0.0228523637
0.22 0.0251671295
0.24 0.0274504713
0.26 0.0299224076
0.28 0.0323594820
0.3 0.0349096853
0.32 0.0374574513
0.34 0.0398661578
0.36 0.0422732717
0.38 0.0445880818
0.4 0.0469707438
0.42 0.0495654941
0.44 0.0522182644
0.46 0.0549218194
0.48 0.0577242952
0.5 0.0601492442
0.52 0.0625889901
0.54 0.0644373650
0.56 0.0675584365
0.58 0.0703438981
0.6 0.0735067681
0.62 0.0761490314
0.64 0.0788130001
0.66 0.0815056455
0.68 0.0840500390
0.7 0.0865906627
0.72 0.0895208556
0.74 0.0925110564
0.76 0.0956460888
0.78 0.0986737319
0.8 0.1014034667
0.82 0.1042574342
0.84 0.1067650753
0.86 0.1099251129
0.88 0.1130908207
0.9 0.1165893376
0.92 0.1200685687
0.94 0.1224482377
0.96 0.1252886130
0.98 0.1283263934
1 0.1317969835
1.02 0.1352209310
1.04 0.1387570656
1.06 0.1418988720
1.08 0.1449704576
1.1 0.1481617166
1.12 0.1519241857
1.14 0.1553110302
1.16 0.1592219764
1.18 0.1626248002
1.2 0.1660299562
1.22 0.1693794995
1.24 0.1734085465
1.26 0.1775815530
1.28 0.1814681204
1.3 0.1851107089
1.32 0.1889478798
1.34 0.1930984175
1.36 0.1975083057
1.38 0.2016390023
1.4 0.2056640508
1.42 0.2100543778
1.44 0.2145982428
1.46 0.2192388741
1.48 0.2238004731
1.5 0.2284611278
1.52 0.2333398032
1.54 0.2383938138
1.56 0.2434599185
1.58 0.2487006072
1.6 0.2540912318
1.62 0.2596137075
1.64 0.2653365432
1.66 0.2713098631
1.68 0.2773632327
1.7 0.2836972250
1.72 0.2904922381
1.74 0.2972134062
1.76 0.3044711856
1.78 0.3120907563
1.8 0.3198036653
1.82 0.3285422322
1.84 0.3373678306
1.86 0.3471817379
1.88 0.3575420938
1.9 0.3691827202
1.92 0.3819187933
1.94 0.3975685661
1.96 0.4197647448
1.98 0.4619386289
2 0.4999500528
2.02 0.4999443149
2.04 0.4999912018
2.06 0.4999979877
2.08 0.4999982825
2.1 0.4999993413
2.12 0.4999999541
2.14 0.4999999804
2.16 0.4999999916
2.18 0.4999999816
2.2 0.4999999994
2.22 0.4999999994
2.24 0.4999999996
2.26 0.4999999995
2.28 0.5000000000
2.3 0.5000000000
2.32 0.4999999999
2.34 0.5000000000
2.36 0.5000000000
2.38 0.5000000000
2.4 0.5000000000
2.42 0.5000000000
2.44 0.5000000000
2.46 0.5000000000
2.48 0.5000000000
2.5 0.5000000000
